149150715047143298
943038784198399875
443899593103048599
45654012348035986
835487627813248131
642249530864560505
69420038937861512
287869815046938744
963109536878714341
113515582577795410
67550157814220936
80666775802691354
69043783289397530
567378342589095
466192249916480493
45580795216592294
492416028932492036
945348767498527232
1090770181402400487
89667431828455642
37423045420183601
28231224511705398
356736163005628141
658645157661130047
387246767250877250
236420504212823587
46753838797160524
504581184239788568
43985510951047291
433459674344937295
634878955225218327
29509765713462664
50394848802779989
135295815697096582
165367783097982264
4099988103930709
792743224014580803
158244507312118548
417278544092545454
75952123344513197
101559316798950303
91447198036841257
308015102151339143
118901023665741687
487494436178780587
19682960320149092
27841590826307228
44346724345276951
81564114767778984
8114658939223579
314503378002555888
371897347415581256
203475471733114695
82716673587918111
221007560970997033
193903604795411748
330573402148584369
45705269604689568
35144580331665934
779638245345642905
56899191572357472
132528497719118746
90226123507563595
559680644326105702
827935719416126905
780578032299097316
180456400026273808
167129939952640097
83976915266759864
452206800017922314
140926071855159071
24928113530401666
351531684533206959
65347602353941489
94624256109571423
281350352060898274
467731215632256803
1000652988627765583
56165129075460498
41722673074383740
31978346389783493
701185402480723179
778529500674759955
178136608690040013
701854455181948387
658884721865861640
962325500209772912
416417869709973131
930373437867015277
13799537135069529
214545610019539511
113474933898698394
148807323934409039
150928631441182846
547761449736836160
130221799577407024
1063704219865738569
306697051043510381
689320846566358802
446602303698474147
752115669423715014
480540838682805705
44264281297854103
197702638484341550
605317625818762105
65353333610037577
1026263888995872194
359175533908107304
471040757195369590
680329107548307714
455815112185991682
219345116157743151
1014809855782562128
221206814181142411
119391423900452494
327787894542926624
50785604255816095
424078333267658265
55158713915816857
92161242977297528
93993184132637355
296284414743158917
872339489067739164
489310789211357461
160117442218506069
84050179045083314
16654760135505461
385521050084883984
160273287162354106
442328392346651771
46664498746000360
17471742613698817
227468321498985998
4110848890526703
359861823300891846
362178636366364035
8676072972555619
531393564644621557
58658121826233669
612055220302023101
676969550634139615
1020553960447031082
1031579977314369418
461060557413033711
111753758792672011
98289280454498184
22125643655121430
2406778760522455
283570245099554194
318832237775464226
1092982063234499054
10430261641153544
463625971166651171
205450770266342155
572376602134773933
777193938126190481
986511019188566330
36781078339056118
66833172614656903
125331927467026194
452778121444268402
503751453127356411
747298824138316773
834859467897935854
75693741689308526
958098429835160042
546344984510261856
66857301753846279
103593314143174897
709377339612985069
19562747246050499
245529369147941201
216709694547924962
189241049297037215
324870588355238674
81127511811921834
504830409313584561
702784364170743373
49504470873561278
46316698755188717
428388394529328849
668522049941508496
124220844853634367
1016863968231837845
575035992506746037
436458815488681499
524435877669685032
340377998088906611
5080711872270975
235493596782158590
447038739560276295
797325453541185294
944171610326485445
75340023857227661
341592532356976794
114611103937100798
421800856127491123
232192992030430407
180856739875493442
297102320205548388
20924723227420958
81367748466533916
101133084929806430
11961132494751385
281265610332175459
73245008196378569
590119128984694566
95776871974784573
258643330237423795
263926005232878811
627497362813191920
312733896429572848
54059277503997937
675163291109883281
359119905812922314
9450270566965114
329873666788661769
325296275316846391
364335206088052299
2017084969127514
958247656763762142
125594643534921731
139734740633942914
23770418509976398
738548377100092632
35668023167301035
269118230334151184
14040512663261968
599458382573890973
97221338171403109
453949148139047450
148254543567389046
496503567360099441
344244388724778162
711458803750946259
75739848389033856
443365039909474731
157720511416802248
617031759450808305
660418260005053427
19036490288050075
302128593985991535
18467691527521979
90303693729418694
412497946043897936
63368129794696257
454414664674534589
30115486427931938
999433427992873747
117925813530152410
56271883653315189
212508985051628019
282545491173702838
23979236922488753
529278535012866039
97654498183369177
596588412654378444
779014977388861179
331243060968019737
3468668432492787
230405658040957340
154552261995389911
951041665145070399
992377897448388345
100964029361620039
48146233815921209
206303885752644755
335550590619123226
107231528129375068
125996367130866048
199242998984388621
206664336462917150
188175057885435448
317458503752114043
3747240312470259
808283108219932076
44812663132527400
692201315495072340
262373265148867920
960971004661777577
74785296229188365
167637419508260397
323201318639162845
46507195482084680
70188905179548369
45862708425892870
491109680103871236
245381610892263160
226445681748662632
802653338147744729
177164530906284602
26928055677619127
573438268367417526
78124664543401490
643435781078381024
468432954660175639
241301780603799391
924412670166807473
370602251067058919
485024900330084457
1117258660752836378
493712638020082648
9106803194072348
435229507045303227
238750791394003517
123962132853012312
833522564018349271
456108602753907487
55236037869489038
557537890711787607
716320541390967835
1116553569311143654
1023705619576264004
243190539782370324
525747192536122321
198536332625950299
52077993995997903
386649345525792860
89533246236152110
288685534480812671
676175704654077
233273604126511714
96208986399845474
429731081639729892
667131361135105637
665416310125295134
383922264162328971
112222912278779605
290753315797036207
242254997146688995
346840617243656072
765642377721908566
75779956896665130
474981201835608687
800056585157288518
566063558549595456
363437387776600432
494347294276056817
187359816914766298
1016353557306661165
986105418233624772
22647614762060191
135066953072963919
31786760823329743
337739920717291445
1019357158368394552
9033310572365453
716374928590259502
124035080552273601
381556593916733377
769730272090763140
85434273127744016
166252249327722075
248923048239647055
394158125243880029
156581373239536770
30140659505832016
576895688893312653
494601863476115120
350636786073873229
8388739120656684
1009451888880261376
754551792362793852
518369570611517392
122420614163280928
943472034218887466
586831269220558319
292844853427213881
671448879511040395
219047206049214703
635360709361999315
700310053864318653
1067778627393887638
363381477812489079
504848379806684160
76649572516884714
470473642115345223
132572605812354906
13721168338499880
117097832845621920
1099980563021613260
791096276237678864
8624399539775494
247332882588223408
307434808173850002
295760583350263501
204126595934558529
423265941425629361
112650441117734563
375378831853697162
944805027195733299
456556906869408690
584655260723066336
225577683852695619
262794572954579655
78986070936337879
384749567768731910
474364861936829660
111503353494553369
3253375228865497
94723028237153474
283086488204951147
596036294147464368
382788600400472468
126546200335129557
6341776054259755
118760028160835339
127597947521122071
305754609559712267
543795461652558808
666587350625842281
338947882979798771
14168771404990897
21601278073552187
98126166061385134
886964590219406279
69737040186591223
504979518183973776
152017429704911745
813750756416333181
6363093971416750
1058655441952961554
8687693359956556
56780704907047849
331188005729077819
27313639066337420
1106976438653676729
8654545807437843
63369737683568996
12669692630754268
170298734608350770
1129050288769310567
20937354186848397
992726972387077
166039590285614260
51125809102873559
1080080974519513417
975282293428390232
90214592082985999
1096315083696983937
119095547412796021
576285356981680749
103975367234668088
1143969209220040139
322358839078363157
1111758035290023905
163473211606890739
292115486887033455
1135418626059439309
171948253036714546
258037828583165112
409383313810718357
69740362217771032
302230036357411362
45732020825006465
33050685801498815
96543670539603901
186049119008512259
186681079601389777
22398479411071769
373573887906254813
312071302971151236
296427933829936630
138613473096231131
498953913390292648
284468402370106605
97862159366864261
634089503420242744
461772547719959338
462050335613237809
112043837265819457
496206010274634921
1152233642388798439
105420643020037980
25014605053092433
24215069383759643
787616538569247203
175411705441522084
186773966966350263
65924384152781216
796573340487521782
115570000190072143
170946068932318185
3825328424944781
145625925230524384
433237417355491617
16864382425577879
150967191799236039
872045380447389178
365808216791226159
38357256014995538
108172228091146020
870228512018655006
27268809756636712
1107906713751675158
478557406094027984
245320578840567964
74059067192864683
424035097923667483
1031955624491592099
125807939678571525
59628619741783967
381713467709477721
257205105925218365
304404452706529206
186181175987477580
116304856576778474
6141202821758904
25535471418419639
229625559571137969
215424673574480513
1048329968521390181
356775274293819393
171910130911414705
953915057615542440
316584386289329924
90800284108666766
335039900331576128
399391122866618016
186813763902998886
1008391280430781780
3632250281778886
630605397794452461
340923675783678620
10839283342331075
174345037270334977
20942754660109846
35402300026131344
697897467054822027
805104545713537736
7361362165331891
711693619384521983
29973953688355028
380045183272399509
1025640380873034286
351451095346006860
81485628109058800
52411196668009476
160067737015766169
1064922901014037845
121271095687075847
626061359936929156
994595315371546083
15813571958633822
992777673790123461
98140348622238989
524208093451385003
54596289360579922
21727448460362517
20553653298553505
389492429572457392
6234667749206123
128726697344217394
292278624440184505
80079899625162600
464844124723546426
243207735692288689
719335923530031283
788537848690968504
764758155864069493
515302782860997427
47903044895941420
129748417723611918
161839841073729067
54033689337741742
149419808186527818
37561191657162956
46009574722621998
67949814750185980
2851070482302312
100547882398797891
656303686663595032
873400022197916354
580830690976242625
572911123310562198
285204089012419918
211487316065985928
476224402209146856
250103468664828219
271854310121786851
269501117059522764
10370218894681152
384149906474613612
128138837016989959
6764656635639036
168397946584564368
291175410585933076
267433001866528830
325018298009543212
184092522467377208
222995597981065964
50231831983570273
16578644134609048
96139198903470676
62050858113189044
140627206703931823
415446387256174670
724812739341122948
549750056017159333
37202014134416107
633446805265948752
2983766855967078
406283803408161245
311730283167796660
59043014581590623
70401188037445711
457954667866711354
617520291921184270
43400811655513615
189183613945925072
343494846343647436
252919966280844583
44972386387083015
338002567982837298
394492432230505350
809129780296668895
25223051238764648
301522398341182036
238099133913509496
990839482137158363
157422746020420331
721871398251617319
316518947515644425
188478219561418024
108078370366659140
244505249952009486
89113768523231108
152792153878324823
270897480032142455
77959491037947872
92451891694128946
1014366633836523595
601064871652818838
223652357522322974
388066366700914773
311750737827645409
189062513373867866
249118634474032404
811358332920773078
304368665776778997
557324861697775498
238585473448017212
903536996188560857
239073656831179469
67597918598122174
302239075631806901
548865275267914781
60374754815923456
479652212610939494
65046825713848164
2573900868180419
473319625822049020
12499045416474235
160540438292182128
839250538106566582
74860407799346623
630386327512417561
50120893554184096
317627912504733300
44066292737892249
642561231622911989
14720120318275137
1000547207590228971
499516916744355696
227659860107592639
102928431394455947
34260262469863988
51999052430738626
62171187371553072
212900907085144903
116705280747133954
270433016514038879
1030330768846503217
481214230825873516
412908856147185473
127829412731160088
787099763948819971
594596404639689812
1046994853398148723
32527306251057413
719607847909816226
24880178972454278
1107935407004985284
3496021806139936
969792693322213034
328742053651568617
15307746807432262
280359526421294028
36695240954779823
339373769611781943
253139609064983396
251192763742619930
350632099615542384
108085729738354512
169273605375018432
120774802902274204
622086702612811926
88958160911141381
49837569908000064
460293114345853637
66240713662520384
224526659103914113
489376099438705021
157046627500834973
317287417388961216
489253557269957415
790845696285398361
57917264047861211
286467000685200615
458411337144045600
214540328626749898
561373273314592055
28110374407915678
56090077773441715
10474699482094841
517630279476945169
252213062803349457
228756782661600156
1125736176164103733
1030285464075347627
9044024169856456
843936209663253377
591258701869888414
105929877834674661
288099745692925075
465277395813344651
773664876319957431
1054437855356528805
166198925304354723
21663852239226590
51041408256182462
354472315224052828
907908372696021429
600411006352381394
305026684948486017
35821894724611104
120521413632714841
676772420338953118
551667809241300311
641335262582608568
1062033343073693078
401470322957900430
404846497959281754
42527571949793846
183502358041035275
260221301451371836
607434846847361127
374280246439870338
43174114662347020
426613348792924029
344092058149325265
687379384818303688
59986411813193842
272579205310757332
612179650052937617
410360376864759369
1016342413397924883
529418262661713048
34181607307377457
21320019510470546
605756526760251676
347709056246336206
25188911340559258
17952888836384246
407457949930813650
423926282767313966
573940037668697654
4668248994437238
1136478051363855276
71577792222051481
133755478518806496
52139077150850133
271511752796395525
479289778421932177
264776602695370651
401451387049232082
36296759148641836
914282147769320846
427991940107755119
183125063995594591
853806711185046946
1000069320773032497
101209680694612103
448937709789869826
71530750732767230
24742477697599295
777018307189586611
8452461336285337
110123512309642753
391680034392904115
412796038112959454
320814702598815194
126370446355202554
702684358942554157
109475291370284017
342986353581851746
28764172525724672
89317281991301766
134853173855555506
770855006880489376
828101665226102936
1016682634002103
71767284913405688
1013947179636768364
473519135053744628
599836317114621241
328904773328274443
150153339316771657
270060932593676992
262777958202620918
747425529589255954
587667260486568418
353974244823845633
108895388143334513
59354864614244549
355232521483804422
328260030215485113
596196900067222057
207011692264887997
109353575170639037
457730568715491486
135486956994798807
741333943817044587
24673968449296380
514222450004054411
41154764247846455
303119197847929576
99043352557396235
1369164593708215
51640815529388879
536642253954022895
953080523395813357
131361768450819248
271911118802828284
343544430281526976
611954544596458344
247400641031521396
157932563689259400
830397548234588232
85707287295184019
506266902863815388
179965132854222276
65086745976007678
343246436139373816
761915507440720249
906093771459098299
24769753790992374
679084785010719644
271392205143091257
454649224685026756
996456901242385491
624054497302561021
367753679450978329
965272951653019077
43448420666262604
460554010305951462
309143412017928344
1106355185459268687
153183106513973246
280601652465849461
1100221369450286935
145814718345390958
714723326809026142
65163965399440319
468782652307582659
1117948401393660882
244099804266471017
22572035455119067
833561637564686455
870655698612094119
40044620516654449
1413561388560039
72649932049455580
695727497010794400
223957710169981978
668059487906423232
490089516944658779
36944724602656888
260588191532809449
9462859546470516
633952284705579388
215922104786344358
211608969935296485
180181903894587524
186786681201873388
787375528143505075
755757090898062223
880717557947379107
210891849813407541
597936183052723252
17846300244101906
489211743192254574
534152809959384287
45252418330556472
357128713747161891
93674763097094043
82955788488020496
195976039579143160
128688549149521788
201842398780561750
300969543202229288
72838419445235309
51697830181931186
410776263279835448
1111351343501469525
112744343485419358
85876885329435244
57803391450709364
10196483120842761
531802833338776064
153793867929981193
818517097031353489
30882091521865808
650562694569779201
285907578803205140
66342645268452254
988884639054386896
86823904848521968
819051522023716651
5667614560613390
208478594586409982
225029832144989890
57229160452014515
865341024082050873
601524116701478682
191050882121513431
354716749104993260
48998050064243121
687582604608490144
717976276623767200
1042758315604927473
810448080053713105
786442369599858765
28542142522504151
146664330408798762
76101336469904529
472963573463052071
293789035970269529
120807015308747224
127148029835276042
18205674020391659
832914477696471968
134279481888944735
131289389498136273
845397272681586420
467281758821925185
443541906009633126
760907017114222144
61345299725320710
434487490973976119
48826823583658606
228917771273412007
36762493115726282
808776108399462
87820796364231700
41282993943660920
71216615118286776
581442918538022062
128474816600148
140570666547154781
170446624993638751
192021240441531799
104821384759245068
42583679988129651
144200934771560545
85647808535729536
156263674304613160
789532683473735110
479942340752211389
39312678209839344
459207966629921313
13615370051888620
61448798401791469
54397936057340891
666745728344031184
598612617149705750
1173897820794873
4062034003227897
490153445590962565
504780057395144257
103609028571895573
416271142797693961
140082880360414695
51289428413821341
268742612157345374
5087321783733859
634981559827062679
745213618820289674
319515920227359318
73810703921866141
394882665048163414
19764296791319506
847653627282819550
138087219273664835
570229853673921454
878909898342976791
316439733280702910
1018618047945559007
39078563551335230
1122661389739723565
803384655227696104
117105412308357366
72954319938310282
960877958716506845
369728442043132272
137852197838065926
403110784087939148
51706458366913102
984570270387757790
3521522554962957
81664847625063407
75929943019119665
147551810659652970
531196035672214115
62892104205388814
1087456295982602968
3705674370440851
71130265751685916
1007230625951543572
565900878878761317
210913204513370089
9226622931565490
4967991121146081
588749810056838343
173081530522917700
237003571190864245
248698456997446444
106077497885418043
97030349980680473
241159068579926263
670096991416931844
47527385458791988
4294306887480127
760900460275465826
74082959665079663
468002220870836873
1093687246905760077
218444738813108416
733992567862393010
428937666769641944
614830272272057458
64960592355454568
65680705556670328
501766319180737341
552373474816600065
7105881340031903
285798617489285340
237170679407969956
654087717290500395
89842686986817071
313852915750017564
110078260979268509
345327200949680327
145432079350887982
473214697275723656
111452736495191650
8963960716847543
443147907678703890
597401522681933578
766798488013467938
247342872480506430
151093302343033535
931084865749740950
27856343258184555
251461509496239900
50705005618070908
553111958768059434
550801849322320268
33045951379568471
53053436970796498
598731783549399301
128414245879723892
1078499496753939197
2620047668214615
347048676806950381
319215183466134609
38384915011408451
11356616820805330
681241857629242758
54717292224215601
816881131609495008
224435974834000388
326477023849604151
1140298667941396508
8298991620932472
400935821827009429
193972377694894667
642099903470598268
128867702709559983
879449131148229324
259494787679675866
956840067223224290
2727319933177216
432323596251083607
273402993862238881
505893576270572597
40212130762361346
85514528230799935
226979211087504619
183043987889375067
187920818842621973
603173323070531339
998957863341173838
816011756720747854
320435975965564038
170743922643782689
680603248591914453
125733412909016987
1039006579668953036
147845676945861165
271852527878923000
217946808170408314
53973707909963566
15352305799847668
1049140619386648829
459096284233855056
355256453396652170
174378432839802306
234901045332644770
144002586624573551
76290128647088968
1133601963276921874
44690541525040585
574072674120943047
1098728113958092044
459407594629733260
135151031800089576
105917316525270467
60034217781493917
63921858413612323
181850911454189912
196772355354830050
672269507602383482
76174484935925099
48223233856751550
1018872478382145018
63671462549944350
21360056357949459
859130932518551593
895467837044357137
32056528962501459
493222341405065561
3555849357940273
636546824026437224
222619592247232627
776940057486029874
443972481519382877
869966021682354426
43892743323207765
62835075939274047
146906341215596351
8151895326729395
116684483460775633
91744856563232933
365711407148400643
487474792100795075
389153248588354903
12690827587830385
28920006964331619
909353836090332211
109730509062314093
66451342474158001
446531568175510918
339850861096443777
366094838668071205
508345332070079427
45056388890344271
716752969485953439
5157088480098125
161793192008363913
15335295093196530
75654368415880564
1019485625916088254
982973572920238887
400225438475326598
35959215229904127
197098686495180734
98379341233888099
170343400552375759
387299917823290811
513560043670834256
403236303350408943
363512011317429274
735332121289130399
203153937087747137
59917341810877608
694884057578181763
946767613516720665
634054638761679653
129373027649845277
16484547972210106
1027016034966137370
189884479877182726
265405758731202981
171687100378620992
59710916971526819
39900165413796901
38184663797286270
57319036275188109
678861489813936295
518555442533739
676527387244569523
138999635615128717
438420389989326218
2764039873472585
189162454164388004
691017507165374165
367661201636907712
47494934315105987
75321968623180976
130360790376631091
115128880216446056
57001146555616748
417989926623484931
47829899984660825
22284872235900415
103627553346951548
1061320143842179382
93433485861578217
13791066016190296
319033561897600748
417543789138104959
397429651211921240
131511400230839527
3029770534415872
1114947136890154634
333742983321530013
158573030121331036
727190961910672024
352035558707666641
429855968816924054
671105759443808154
128630383447624707
16807579105471355
670683412124807921
135581043335652585
266344266991397294
36214621980593749
300802271193645009
439840498437507482
3485808612078635
112382096183703535
42292904536136244
933250930881794603
633339916698584997
5025946284218830
11411134107820491
102265845552523498
1138945957038532486
670867197523430807
383233919502951860
637061874271297558
64335402072548203
23036935151140879
4684915332384087
10078593127554223
99770296355418566
614082213722774926
66608478474762090
101866569628569676
189446405922501358
76697627948996813
549061144297348743
112488622030496153
818189753974190729
27730338352055887
279793543044865336
7452922130197210
1133335536882198310
57469899617826805
153493357801576
267578600630811648
10509570816783536
234051399804213872
99541109613998576
1112702798520634124
622999718810362998
2164132185930392
51795799987353732
275627842977649165
756502362957739442
404776367552212397
1076692454552418635
218761109151031694
335151697225889222
687855972621597469
65313004656554307
463625228146071710
205388090847125010
50253453354145126
149313179974422903
63409406776411278
609902128906737313
436546891515217975
58178855383156437
883449869368085936
2417935639407325
68121767176821858
61066995733060033
127735345252696984
761873262345956869
28157112641306038
374137090547009363
319328411454841675
52084831769278331
479517509660309373
8225961068977014
492158060353436338
195371797535322067
823033067192995578
620626003280901405
181174119779714827
201237468358574223
183140911012661021
38727514040191018
764386896751530625
384316112231994805
484190568411599854
19851494246416185
113416155763611408
16143715009319993
271006342515097176
528414762151587458
48553035723872510
967387299881588248
106896889169120676
473588464579996660
8207899058959635
642179394410136228
703588096981593833
118381667318644576
127977702456551827
20351268411396626
22861579300955334
7856859311925665
859293630274891987
406850761919839499
850182617386679878
318389624398450022
234574574175143208
127812865059012185
69394414132766292
29708254132467016
53637039269647947
4120974977445391
267944247220423481
862171031109504781
43759809703539523
385651211097652634
350213587038225193
1982477793704951
1098358546149283244
786012513162371282
509811396555439040
112059717448681595
970651455288819616
612213597717652631
60735198034972676
196183374550029670
620843766498162010
240856151587183227
110448923134983907
1902243569974797
3466614133576241
254586409447892729
858043759320595982
458203418008788192
60111463113027596
286114407910491848
932043893935315243
1056193505655642825
925304745309115004
408343509249911672
829138338933513593
387075565710932151
660389746115071662
573695964474709682
474025290347592174
590743780348336087
755917574923396708
159303204778531297
284953326799548611
475885507519097442
267847528701458615
279003521699739057
224993279025831408
623025039243921686
3507865681890033
147329954963515469
313029249431501667
38859963190733615
262275536978831533
471683481527573138
138648557256071004
573007121872880733
871174061315945993
177961039138103032
441339747214929885
255503569806305224
300553303484972607
53103344665276678
453355268252394415
1026904893659260986
233586800559243338
43218440886987239
48478456384103090
225881657634537786
447505438336814249
193642505743768474
17789070566090292
9685715661039564
1068743763721147555
860537220384409491
66783778095056548
200695095609451495
373991917719295377
320172893529960037
89988857830998440
358423863486881865
82408783516374399
100828899494693568
939375245089480866
808521198996114154
249793714444892665
214670753657631414
65319426530146854
800330249561120329
28040987501448967
389021072457580094
165822942363474404
43066897358346446
224713150929713989
2908638590011318
259828343389633860
170621440694385739
468309405739307779
933683415675066790
377254055555102914
67108543031231763
680410405539183316
1047794828807482660
175915529800628261
621210026105009960
247515369665312475
22589304314415658
277356629034997088
119811634563847085
1029627468167162842
585406820327760972
46710294336896646
504378978051722412
24685448180762032
385587446256487266
200070109346258068
373178944733916522
568102007746131159
355174537502173150
730826474008476202
381561339730122
34918509408838473
71973437814588401
25339046073665748
270339788975452381
65761352285587447
1139933065592777528
355883645126223905
88695251980772797
271110646800435065
901084568889509048
136817509539413537
1070182284948994653
13633537364911531
256111173072908304
413213154504070449
1112387634881940247
329643045832533177
24463308822286982
22406134474346708
101447820226736714
197920415726610709
96842420886236110
606386164715442474
22981644512573151
49378396017193038
115384215468154944
13161769897731886
543441088942493004
191200938289332825
565590703458624760
806333148909234887
451411100015240995
648891292313760519
658964958912188299
139275108514711438
229930833082306301
275285919040463352
18033125334991992
85608379017082798
71994560515238762
18780956613857098
269683998592008273
192755731170820133
1088287677117809429
21321678004901993
195141639133562721
129660579945056650
343890876161657807
41165094646851763
243107183297060877
371825125344356535
69939278913440981
181236888224035113
37497143904651510
90433378637520224
148367423774685732
489223658162632414
40505209439015133
387487121964561403
431478592996367657
714546020618635603
92443112283960846
185903919827432574
52472713516107075
991119240421223496
185151357165405922
78504051708547599
115428141250401655
377021395203522515
66072754390016301
199537391499558304
70343363932255632
71629785855368347
40280842218876154
174516193949069168
637179085666170225
856602014625161478
854152836922467833
94301009464186859
180415784275996914
751224861079312597
294715971330795066
89882553459472967
16289680438566074
114429151529398221
622178623181697095
342858974316214175
115050731992015765
29988942558744697
1011549149324353875
165457614074106417
21290426064016579
274788890627064888
103774353379504652
147874073616798182
804757163448944209
67373487374269507
308272921721029335
106043981121688041
370782418161431667
197132272444551041
189470587216858425
720974752194008129
276768777254450987
684729677827594035
714578610692087325
163547620061826605
297443132076243441
367778093299984058
280255741964630364
73084947548228262
71483174783312609
59187305405138174
29138729923323146
163294407258140059
54770551489148953
74453587439808399
48990202448118401
233890090536202192
3089990357100970
108631680331419564
48560715587351832
40556894949435022
531844620119497979
7449830509764657
566770015183214961
269538576031021319
804557726046858997
273794622530357310
112095999780765136
444987674589121663
190555739732754279
41048336135676773
80597245520132522
407652228151591450
125879316606834400
262245468184574216
113220666490046063
683274096839515427
111278219947775039
23414990643669991
860161519102418588
132972202328492514
658721241977456582
200551061013889116
218451190214018559
490029243451895682
73946698136466928
569838104452939
74885600389788455
316791141291706900
537391031355984941
25333216129429333
45331088695344046
236881758305136967
408553062211333498
907732735149285776
226553032277144278
102045666549657356
194785780229003388
450706209045288287
205233265588423585
397315218541372565
107469052175118631
1238871860439204
150956170136205905
120337288392639948
84489886349667073
90665121139824872
229824585683808694
394711831111975516
376228615448614084
1002247856311631660
110256052669805935
111626528674071183
963847349915896897
324387842125817554
891853567312050788
400620204065556390
74295296678527086
949293074288847527
536549901419507328
83465864667086271
601673611118341035
723361891398224926
11005432055115519
1069135402329593424
270191021032964033
65739584043656406
402769033371409067
392415011615940176
283658788173854732
103211856992406102
42007310603899404
200896898805733322
352521395753547963
207257333245212580
294012089322727584
62042354623414482
823993215428200834
46838612065041953
9124832434684768
405463440085362935
1031983016771129189
289309705406654187
890237759406190744
1037727111291912762
104459293863257176
8004810405468380
23127352705366701
612058091406361670
173492950630921966
132482040781835143
26516035073308450
227204269344072435
82746752612564269
496295880387019974
97364915407140018
231986902263764604
176887236693662326
304572025661184229
59815242804989729
8534946918834370
989121036450640251
54493997862446924
18824548646902883
164942409144907831
6387691732879116
720014747366483137
323928609918696320
387960157020885862
296154771819448270
300889327432894485
241158598921076910
191156492842427306
12599638438312098
806520506513116444
57102002486285934
400160091947548061
577789347761133498
132739423491329194
40592371287360206
25132489744887818
795875742610099228
19702698688391493
153242138963395406
465901559216485537
885079270055469306
826069017735508246
749943209032881064
628115552999899393
1152508516295640224
341748502100404378
195444257114362906
540305990002801953
875691526218709
25168620095081903
101334390696834800
768797120453570254
93278292557807850
84720236830352119
120788301244641671
15841708167990051
167641717286200326
109992624576325578
106875053670739146
270465225227059541
22987484880448892
317883973911080361
14013778147439903
238204683778214527
52835906693896603
49971021248131757
154792049615340974
929389321368888146
860044659075431731
143312399839023255
458847080481324125
831309843941998316
441335500866938688
168742870486337397
428668135309464803
763366473857926515
810230172892863732
425312440221116869
158203567161270845
278247911345371511
77677327630709462
15574312089383943
1078445053571891990
806083222095921843
205649899957648625
576615147563335086
178001344639000665
66972248702694336
396427927133015372
275548156150970384
756707943676714955
467860472265843815
6500250853488987
2094840756943644
24435576602936348
805366681282741800
99659061240297213
11413169291724735
495760419064915476
37640582353149753
388920067758836699
63469127525452694
310656234259037341
490080195551178374
470241403317188275
18863373719557331
288624350852314465
925633965249209597
24631097686881048
284979686993538869
73946785294930233
87525204427104600
904089939662597232
242165998740397111
16636066796697852
191522354169618383
171073644358763278
519626601174220897
105665667912488389
741230795900226508
327612853412724870
1021095482009640357
633005459120949427
875344255641940140
518874095790463530
204512240751760695
15020015307310477
225780506580855283
183485287151051618
83097019275590173
649118410534669423
57366538411564581
484269209689557575
554545232803887505
392275776387039991
82160125294571511
4695938793873827
67720903525915128
4761793355093318
203709969284243864
62573369576974877
253307852042908620
2039819450369208
803079881445081788
693710631220669064
25398769237287554
13824814563466455
1100877221962728532
222105716582532445
